矿山	1648	1	1
矿山	1872	1	1
矿山	1879	1	1
矿山	1900	21	7
矿山	1923	1	1
矿山	1925	13	1
矿山	1927	1	1
矿山	1930	1	1
矿山	1932	2	1
矿山	1939	1	1
矿山	1949	48	11
矿山	1950	3	2
矿山	1951	7	2
矿山	1952	3	3
矿山	1953	7	6
矿山	1954	13	6
矿山	1955	223	44
矿山	1956	189	67
矿山	1957	369	123
矿山	1958	299	156
矿山	1959	315	108
矿山	1960	215	67
矿山	1961	165	42
矿山	1962	147	75
矿山	1963	146	61
矿山	1964	224	75
矿山	1965	197	70
矿山	1966	175	30
矿山	1967	11	8
矿山	1968	2	2
矿山	1969	9	8
矿山	1970	56	8
矿山	1971	340	24
矿山	1972	1001	91
矿山	1973	422	81
矿山	1974	303	100
矿山	1975	380	133
矿山	1976	422	120
矿山	1977	265	152
矿山	1978	820	230
矿山	1979	1376	456
矿山	1980	1177	572
矿山	1981	1895	744
矿山	1982	2762	833
矿山	1983	2852	962
矿山	1984	3421	1188
矿山	1985	3661	1255
矿山	1986	3817	1229
矿山	1987	5417	1313
矿山	1988	5568	1415
矿山	1989	5587	1366
矿山	1990	6489	1258
矿山	1991	6984	1347
矿山	1992	7398	1424
矿山	1993	7266	1486
矿山	1994	6635	1486
矿山	1995	5885	1225
矿山	1996	7451	1182
矿山	1997	6367	1125
矿山	1998	5350	1178
矿山	1999	5783	1281
矿山	2000	7472	1292
矿山	2001	6154	1086
矿山	2002	4965	1096
矿山	2003	4844	1020
矿山	2004	5199	1032
矿山	2005	8631	1323
矿山	2006	6186	1200
矿山	2007	4227	839
矿山	2008	3258	675
矿山	2009	1851	405
科特迪瓦	1950	1	1
科特迪瓦	1955	2	2
科特迪瓦	1957	26	3
科特迪瓦	1983	7	6
科特迪瓦	1984	2	2
科特迪瓦	1985	6	6
科特迪瓦	1986	443	68
科特迪瓦	1987	596	113
科特迪瓦	1988	754	137
科特迪瓦	1989	470	127
科特迪瓦	1990	572	140
科特迪瓦	1991	334	122
科特迪瓦	1992	978	162
科特迪瓦	1993	586	182
科特迪瓦	1994	516	181
科特迪瓦	1995	476	124
科特迪瓦	1996	743	187
科特迪瓦	1997	1034	191
科特迪瓦	1998	620	179
科特迪瓦	1999	752	233
科特迪瓦	2000	666	198
科特迪瓦	2001	514	187
科特迪瓦	2002	649	149
科特迪瓦	2003	693	181
科特迪瓦	2004	459	160
科特迪瓦	2005	543	176
科特迪瓦	2006	605	198
科特迪瓦	2007	450	139
科特迪瓦	2008	305	103
科特迪瓦	2009	245	72
